 -0.00052261098914339  0.00680722378831288  0.01161229466452713  0.01589802394526066
  0.02073028101603497  0.02553623212553240  0.03049998307272904  0.03571151274998742
  0.04137412458065481  0.04706377449311950  0.05283224995303248  0.05873927323476977
  0.06481170534135962  0.07099569850254578  0.07753194001838692  0.08407449660006303
  0.09074214870797848  0.09764095826800617  0.10471726276048357  0.11201952957549464
  0.11935933777591357  0.12712640872172723  0.13508793330515381  0.14278098291978436
  0.15070081076822908  0.15878339963056901  0.16692386013817240  0.17524758720683370
  0.18384364852772661  0.19267313493200550  0.20147401284892150  0.21044945932688511
  0.21992962443544734  0.22938336167123766  0.23885949860919697  0.24849606641511715
  0.25849758153104085  0.26867291605900595  0.27883406862858812  0.28913646136626409
  0.29969776523589858  0.31069383989876753  0.32171942577930018  0.33271550989366805
  0.34380038013370323  0.35518026535268227  0.36700540882100052  0.37879103695161565
  0.39057757243842356  0.40245564430748593  0.41443877093999848  0.42669406848802166
  0.43930054787577749  0.45182413890248890  0.46442904147529190  0.47711124817019301
  0.48985222104754683  0.50274338547153818  0.51601008460657216  0.52924987383366806
  0.54241308920274256  0.55557849823121863  0.56875648314917893  0.58183863502194755
  0.59513944549197673  0.60878682038504539  0.62241326853790035  0.63595484059398488
  0.64943671163967320  0.66280188561332976  0.67598467027392550  0.68907335568996153
  0.70204715971692233  0.71537484515151539  0.72883350101720035  0.74216773968440830
  0.75537967264024575  0.76848215718394797  0.78142723337649622  0.79427621212104615
  0.80695243270072747  0.81944797034434613  0.83192281220004705  0.84456469006663248
  0.85741629676650488  0.87013222012724711  0.88277536996839900  0.89534564361448443
  0.90779402929163133  0.92013466914570263  0.93251064258489580  0.94535965549994483
  0.95854393030467389  0.97203419325280016  0.98583309382803364  1.00000000000000000
 -0.00247078281785945  0.00924049092898333  0.01924984550678238  0.02983090968065247
  0.04052338719467072  0.05122462951861763  0.06185015330365472  0.07237548996504638
  0.08259138520080844  0.09323771812509965  0.10378922544614648  0.11466972367072190
  0.12515955169684140  0.13569250941931063  0.14617609650523705  0.15651084136348611
  0.16682946030463916  0.17705980987030148  0.18719695995181673  0.19753063672960278
  0.20790443456282148  0.21848770443922669  0.22912339842938872  0.24014896143292430
  0.25126535355750468  0.26236819335409900  0.27320774213490179  0.28387434210293250
  0.29444408070304257  0.30486905279066634  0.31527619741041013  0.32557733761610369
  0.33569960130837251  0.34587169640349114  0.35616444953748888  0.36654470447023080
  0.37673449728301972  0.38692102552019680  0.39720646271603055  0.40771511060137999
  0.41821127696610311  0.42874893111474188  0.43944246519485569  0.45018464031665517
  0.46093639068128350  0.47166417697209484  0.48240100501789757  0.49296535089199617
  0.50355859487956123  0.51436449142489149  0.52528390097065780  0.53617490361512421
  0.54720402443376970  0.55822598151299851  0.56890938073741848  0.57965915019486036
  0.59052489713808787  0.60153306117220473  0.61211103926750687  0.62269082610479076
  0.63331980798199672  0.64394440714258683  0.65431523743633835  0.66452592324656345
  0.67481709746905838  0.68521022579406454  0.69559990592262810  0.70594226497046308
  0.71626366927532248  0.72664253405172607  0.73720142205538874  0.74780517272148750
  0.75867309279065376  0.76949855641307696  0.78053113079951597  0.79149389456106578
  0.80199428532313399  0.81253916578749108  0.82297589224563594  0.83348896028702479
  0.84378982477318676  0.85406719627678340  0.86452683492373628  0.87477392532698384
  0.88492822728168330  0.89516280461956577  0.90596743472157981  0.91693934205401995
  0.92791732244621961  0.93867895334285245  0.94925932106807254  0.95966457677720973
  0.96988131799061095  0.98002526238934351  0.99005244263109249  1.00000000000000000
 -0.00125388874088889  0.00766820439777574  0.01531707615708257  0.02326064831629387
  0.03100114866548603  0.03859163540380132  0.04635752428544391  0.05423178560776552
  0.06222013545405621  0.07029028179221369  0.07837459967867016  0.08640615189392786
  0.09441437843036848  0.10241885626223400  0.11036968285888586  0.11827481082042510
  0.12617683590905637  0.13416611455497671  0.14225493192861630  0.15041703095215131
  0.15860227180950301  0.16675799142410738  0.17506837869623718  0.18342687738840649
  0.19186731924509851  0.20035507273899286  0.20887330128279291  0.21749789468498198
  0.22616066318569072  0.23478090019041101  0.24335881727996664  0.25196934307371666
  0.26058271836847219  0.26924087115499545  0.27798621098275061  0.28677526099482192
  0.29546947135773061  0.30411358411961059  0.31284605171543783  0.32182642097841557
  0.33080268580450967  0.33974108958951282  0.34865792548604646  0.35764302077950910
  0.36661966285369307  0.37562353992239012  0.38473817634329055  0.39394574864161813
  0.40320018103489624  0.41242771835879111  0.42166215453317674  0.43097030964740840
  0.44040025503807101  0.44995163205518773  0.45943804430152158  0.46875603155684115
  0.47804491967591400  0.48740236732373610  0.49682915861786803  0.50629430374229178
  0.51577070524737145  0.52535043678081417  0.53514582942867850  0.54522749185657260
  0.55555322999586054  0.56597833693437083  0.57642236880197906  0.58688853067678670
  0.59742640715812423  0.60806898018331257  0.61874034566965808  0.62942389410692268
  0.64015715666751349  0.65113456933651015  0.66239072508809604  0.67381791976536110
  0.68538551737434628  0.69710724093948184  0.70899534323145641  0.72105734054732573
  0.73331964919383930  0.74583735495683190  0.75864203271495634  0.77166998894917194
  0.78502483864671824  0.79880119197319399  0.81311316589964122  0.82789785326303522
  0.84321800388727808  0.85908009732090473  0.87623401653919564  0.89445302532539295
  0.91406770445546759  0.93573336208157876  0.96284878238805427  1.00000000000000000
 -0.01377388595742839  0.10037269976593173  0.13959682734854403  0.16553716299435453
  0.18732619502966627  0.20624746602543759  0.22333303514225758  0.23892849746703890
  0.25336342631837683  0.26695185652785991  0.27993915921732171  0.29240342204213049
  0.30443859675202545  0.31613033017440589  0.32754077751336402  0.33857954857718481
  0.34925038027150090  0.35963937016315889  0.36981448677951240  0.37979825155847874
  0.38958736234795455  0.39924213574888384  0.40875128479015288  0.41811723263657619
  0.42739618857601797  0.43652871129637627  0.44548016044027478  0.45426679057730907
  0.46297220150875684  0.47158515915745147  0.48005976758691066  0.48839848014839077
  0.49668219687040943  0.50497634370073674  0.51327552145723498  0.52158801625018192
  0.52993864227405552  0.53819212596229293  0.54627273320969938  0.55425969283023058
  0.56223556803962893  0.57018294232242261  0.57806415390953081  0.58586291298631710
  0.59368375490446323  0.60149832344651288  0.60925171252608534  0.61686974665034555
  0.62452578565833028  0.63211981008722617  0.63968842256153113  0.64702217622015779
  0.65426915787670359  0.66151146534324090  0.66873859307950212  0.67589786441280131
  0.68296170489712960  0.68989014330062759  0.69668563249980686  0.70343708309521069
  0.71014354638207622  0.71673398070774863  0.72325258084932997  0.72970901067414462
  0.73608376051191926  0.74241058697201978  0.74867907270414513  0.75486729421312093
  0.76102814905590432  0.76719134673295619  0.77328792202178143  0.77939042421690585
  0.78544109767144743  0.79142935808595638  0.79740566708848160  0.80340711779907970
  0.80943860171196413  0.81551080203318704  0.82166916132358259  0.82780671307741394
  0.83395323252550757  0.84010416404717758  0.84623881893101094  0.85246888114371888
  0.85881357883577247  0.86527313250876492  0.87183546357855590  0.87852950463559831
  0.88543511175092504  0.89266278981052272  0.90050490062624489  0.90919247497942901
  0.91934111114119765  0.93246315792071943  0.95358049570335413  1.00000000000000000
   2.1034986532460462       -1.0000000000000000     
 T F F T F F T F F T F F T F F T T F F T F F T F F T F F T F F T
  <DiscreteSampler_grid>
  grouped_processes
  1 # 1 for a reference and 2 for a running grid.
  10 # Attribute 'min_bin_probing_points' of the grid.
  1 # Attribute 'grid_mode' of the grid. 1=='default',2=='initialization'
  0.0000000000000000 # Attribute 'small_contrib_threshold' of the grid.
  0.5000000000000000 # Attribute 'damping_power' of the grid.
 # binID   n_entries weight   weight_sqr   abs_weight
    31   10   4.922822357380873E+008   2.582774287225458E+017   4.922822357380873E+008
    32   10   4.922822357380873E+008   2.582774287225457E+017   4.922822357380873E+008
    40   10   4.728656860854462E+008   2.391627772391818E+017   4.728656860854462E+008
    41   10   4.728656860854462E+008   2.391627772391818E+017   4.728656860854462E+008
  </DiscreteSampler_grid>
