  0.00000240643482946  0.00000244390324221  0.00000248459149465  0.00000253922597046
  0.00000259625615117  0.00000265476345708  0.00000271302669967  0.00000277652214224
  0.00000284479618545  0.00000291398874853  0.00000298409793221  0.00000305674598861
  0.00000312938624803  0.00000320703959500  0.00000329239920937  0.00000338217040186
  0.00000347320022093  0.00000356678091141  0.00000366305376241  0.00000376358101695
  0.00000387736112997  0.00000399392492963  0.00000411207509565  0.00000423425561086
  0.00000436517920969  0.00000451053735479  0.00000466081142774  0.00000481317557865
  0.00000497383558437  0.00000514643974320  0.00000533257042693  0.00000552552689098
  0.00000572564563104  0.00000594154647120  0.00000617214743799  0.00000641560226337
  0.00000666360208206  0.00000693754235305  0.00000723030296024  0.00000753162159078
  0.00000785039071552  0.00000819266935304  0.00000855315481883  0.00000891946184517
  0.00000930942842332  0.00000974311832357  0.00001018281443840  0.00001064275923235
  0.00001114056751485  0.00001167975882038  0.00001223550700503  0.00001284861476187
  0.00001351949325638  0.00001419367955403  0.00001496064771529  0.00001577267433229
  0.00001662023081590  0.00001753752069800  0.00001852528302288  0.00001957190408527
  0.00002075089109705  0.00002196501817878  0.00002330084128692  0.00002478783278554
  0.00002633629157194  0.00002810769449871  0.00002996033745146  0.00003198352731780
  0.00003417514539948  0.00003657163013630  0.00003919074084693  0.00004207870963426
  0.00004533046778206  0.00004903503248152  0.00005311683563586  0.00005776676912985
  0.00006295899759104  0.00006884742775386  0.00007549306755281  0.00008291956587953
  0.00009145978908454  0.00010109751044717  0.00011144852249299  0.00012338073138022
  0.00013706023996487  0.00015584545641087  0.00018096599033088  0.00021184733494846
  0.00024838358339833  0.00032420454261128  0.00040313695924038  0.00051593098755041
  0.00069109214239241  0.00114206016599336  0.00299327353469599  1.00000000000000000
 -0.00251180619921173  0.01007984480797806  0.02060805531030090  0.03139054540559717
  0.04217257571794646  0.05283214485879965  0.06327494016165770  0.07377639001182269
  0.08427639275633136  0.09487440867224087  0.10547856216215912  0.11624507831257329
  0.12701509544008088  0.13749693008285133  0.14792841729706330  0.15839719914305989
  0.16886683463521271  0.17933299899334906  0.18980621388152144  0.20036667255545518
  0.21076785486471405  0.22096679051002366  0.23114046725860227  0.24151726390122905
  0.25192006468238709  0.26242314632772984  0.27281577068842711  0.28335814806134968
  0.29382107202409480  0.30423471079362469  0.31475370303494793  0.32533681614063759
  0.33608709758590616  0.34677493857596142  0.35754186042917885  0.36817928566542085
  0.37867089449734775  0.38905103318813689  0.39935486674301834  0.40970635644582865
  0.42014001520172251  0.43073914304583016  0.44134908948180668  0.45192952580612766
  0.46245974792997985  0.47305150802478380  0.48344035319372919  0.49383673001456396
  0.50430444079834980  0.51497039765891106  0.52553084220998436  0.53602027860627588
  0.54664263178187722  0.55741605661077120  0.56818706440054412  0.57883394586322667
  0.58950465256368623  0.60019141162455902  0.61077157034316820  0.62137107481600751
  0.63204509041861989  0.64272330525466226  0.65323541391048423  0.66361998230565677
  0.67419921678511507  0.68480597541484955  0.69526612427987555  0.70563358172310198
  0.71607271484272916  0.72656278040458855  0.73717229222966485  0.74776661590537152
  0.75837687278910570  0.76892193033056666  0.77940912525662442  0.78990302702222359
  0.80047792790701766  0.81111839509432260  0.82173526522405338  0.83235872803570943
  0.84300820403204657  0.85371199779020401  0.86413136870351404  0.87448460155580165
  0.88461876773730153  0.89487677761642004  0.90537256497988472  0.91590377774434739
  0.92635308550755135  0.93668138723822092  0.94725326691721523  0.95794224796793770
  0.96862912571887450  0.97919195871362663  0.98961548190431448  1.00000000000000000
 -0.00254409294151592  0.01488280625149755  0.02852877070178084  0.04236888271935173
  0.05604285888362699  0.06948041845345498  0.08263862654327597  0.09562449459381811
  0.10858046100045553  0.12151487719759488  0.13437585901579099  0.14724076240349609
  0.16016368066220674  0.17281109852333107  0.18516106305420757  0.19731213196222019
  0.20936792268884455  0.22121553615156442  0.23300535702007968  0.24490845480634602
  0.25690823824102205  0.26874376151515472  0.28012657962890630  0.29134299490704674
  0.30259597898547652  0.31386643343538684  0.32523496874172797  0.33635208114530052
  0.34745114898911961  0.35850196117090222  0.36965472167877422  0.38066818026706289
  0.39160911460244735  0.40266954081932510  0.41377216599385858  0.42466948702533241
  0.43538636583256951  0.44591463475446547  0.45638872729680191  0.46676593818543105
  0.47710196913444852  0.48734110909828465  0.49754953279161596  0.50765520233448469
  0.51770064366409319  0.52766139072860363  0.53759597984789509  0.54752232078083829
  0.55733986111113687  0.56713939530269575  0.57708046551172154  0.58700813588511491
  0.59694127112277395  0.60672120602293511  0.61645996796756608  0.62606868985579711
  0.63551792887389569  0.64489980422382898  0.65436329519841852  0.66390344603494544
  0.67339794732092073  0.68290171471692385  0.69223884606797592  0.70141997701798264
  0.71042507630737384  0.71927772525397160  0.72811659131118678  0.73686745955215371
  0.74565220831343626  0.75447870431413544  0.76330710440983252  0.77213978981187104
  0.78101967380516846  0.78993688685292873  0.79880455097568170  0.80757277199814370
  0.81638024997738190  0.82522220052898343  0.83401289523889777  0.84276337643849730
  0.85151842635571517  0.86040768303635162  0.86938061916901688  0.87834133678767723
  0.88734275014852693  0.89644245681958379  0.90561179157201555  0.91492930129582906
  0.92418247318162772  0.93364701365008884  0.94330216470431683  0.95299773761609186
  0.96323408086154083  0.97394570005817138  0.98629319971408380  1.00000000000000000
 -0.01611676448789533  0.10197653512294839  0.14209854939264441  0.16860104154813943
  0.19035892202366286  0.20934954841516579  0.22633881952305773  0.24191029051993790
  0.25630860297171693  0.26986875159528001  0.28292188212644326  0.29538282126980264
  0.30719060074965743  0.31857256511792509  0.32966142963625700  0.34047137178543829
  0.35095194686386849  0.36118890071238718  0.37120726873544457  0.38103490495950171
  0.39066570568530323  0.40018264334735432  0.40962738335720272  0.41899392371495314
  0.42821474913451618  0.43728162986499902  0.44619386784798787  0.45500229038020212
  0.46375406365590999  0.47239894397046722  0.48094663108375818  0.48939612417742118
  0.49781372641183730  0.50625095706683798  0.51465884935570605  0.52298698037831670
  0.53117546310963892  0.53923205006126174  0.54721952343620583  0.55517206149623355
  0.56305716185567478  0.57083917780847304  0.57857198880841720  0.58629590275375754
  0.59395938166899143  0.60159801550987180  0.60914239661788028  0.61666249396412409
  0.62409127616004867  0.63141280585119186  0.63864385383671896  0.64582354982906898
  0.65283794284392038  0.65978860741987344  0.66665276162772313  0.67347405427309470
  0.68030425658408167  0.68711361821057215  0.69384105943214824  0.70053315663795113
  0.70720215629294136  0.71379700933352830  0.72031652117013911  0.72676655414464519
  0.73308860496750072  0.73933815085805499  0.74548816814569874  0.75161736930865608
  0.75773951010121032  0.76380770799686926  0.76985430879696770  0.77580352542161157
  0.78172261256691600  0.78764871252194257  0.79357677086737444  0.79951763957022859
  0.80546546144167708  0.81137317712473866  0.81725713326603611  0.82318262366823347
  0.82912697883298192  0.83518171365683003  0.84128371017586479  0.84740572674217685
  0.85353943910031460  0.86001354369694960  0.86662584203848225  0.87345726668739265
  0.88063564066943767  0.88819594878869090  0.89639148548620351  0.90561297798731555
  0.91636753465330067  0.92993163332952533  0.95035436912856575  1.00000000000000000
   1.1886685640202037       -1.0000000000000000     
 F T T F F F F F F F F F F T T F F T T F F F F F F F F F F T T F
  <DiscreteSampler_grid>
  grouped_processes
  1 # 1 for a reference and 2 for a running grid.
  10 # Attribute 'min_bin_probing_points' of the grid.
  1 # Attribute 'grid_mode' of the grid. 1=='default',2=='initialization'
  0.0000000000000000 # Attribute 'small_contrib_threshold' of the grid.
  0.5000000000000000 # Attribute 'damping_power' of the grid.
 # binID   n_entries weight   weight_sqr   abs_weight
    10   10   9.152606553564556E+009   6.367877581109415E+020   9.152606553564556E+009
    11   10   9.152606553564556E+009   6.367877581109415E+020   9.152606553564556E+009
  </DiscreteSampler_grid>
