 -0.00071988503554260  0.00732574373509442  0.01146648633244841  0.01556677609380724
  0.01954158934400418  0.02334953792593745  0.02725441472332719  0.03121145113472625
  0.03530309923046973  0.03948620635669605  0.04373455259842475  0.04798783567845354
  0.05229814982202080  0.05667071304944375  0.06112308773695881  0.06567520068382852
  0.07026126887951775  0.07490193142779512  0.07961587282602051  0.08431698976588345
  0.08909868307500934  0.09406210785173989  0.09904954697536641  0.10407785725680066
  0.10934668542613800  0.11464354941906431  0.12002129893859705  0.12555088464769365
  0.13125945691349822  0.13699654147057208  0.14271874434650114  0.14865935802565089
  0.15485533910841692  0.16118243088848772  0.16754432792428903  0.17411290397186963
  0.18103276599018450  0.18823191475810894  0.19555153627503480  0.20298336369427852
  0.21085313159381264  0.21913424148212415  0.22763841213517841  0.23633568720164383
  0.24547854686000606  0.25543344657282391  0.26616236914501074  0.27727111248492986
  0.28907374560033994  0.30247788249192614  0.31758041620396493  0.33421185604393350
  0.35354311754816947  0.37874274165567090  0.41591732163391626  0.50035570704308308
  0.58140857904996479  0.62018436326043025  0.64554886061591488  0.66652420625447917
  0.68494178266783112  0.70134267607683864  0.71588809265095277  0.72883794667224577
  0.74090863594761980  0.75243106876544286  0.76344303968343064  0.77405023479963153
  0.78427100856178977  0.79408565839430456  0.80356602075990569  0.81277155600954853
  0.82171398150051056  0.83038880006011495  0.83882107593098232  0.84705003118754385
  0.85517819908727888  0.86319316456989192  0.87110074803946103  0.87891338689251308
  0.88662270983738556  0.89419794216833337  0.90166165047177516  0.90895292198859767
  0.91613786444466516  0.92316274973369694  0.93012587822062365  0.93714006886812151
  0.94411575800207137  0.95109978109964211  0.95804533597542429  0.96500873320236713
  0.97182564554951056  0.97882691839023817  0.98783222016042416  1.00000000000000000
 -0.00224829851324051  0.00916571733857397  0.01893278202375005  0.02938672044056033
  0.03963774607690681  0.05004369994827796  0.06023274657222467  0.07050563260708596
  0.08086704447894201  0.09113800176915562  0.10169569822837861  0.11196884023238060
  0.12249566380413712  0.13273517059620582  0.14313980810404681  0.15359658552705135
  0.16429506889534043  0.17522522567239712  0.18623708042926626  0.19679888779481786
  0.20740621114513502  0.21756194535689977  0.22794249663989732  0.23816288382046166
  0.24849674360123661  0.25903597904011638  0.26943929336875821  0.28016948082899068
  0.29074092627661313  0.30123462231842935  0.31174399122310936  0.32271898993698478
  0.33364058355369031  0.34419526622182256  0.35453582430320651  0.36506429892703057
  0.37552634850380295  0.38615412540544064  0.39655508703833303  0.40746943529485630
  0.41856514756493796  0.42975745720982772  0.44053274063512099  0.45111031428259424
  0.46157569296855100  0.47203160991460708  0.48268687389748366  0.49339614689044592
  0.50379998992059394  0.51405290552820071  0.52445702056789967  0.53534888388329394
  0.54651959574116182  0.55774943245182507  0.56878567599902818  0.57983564730718062
  0.59108588959859154  0.60242687428206476  0.61361080737798013  0.62451388862569435
  0.63516273748645935  0.64568385810689255  0.65611478167694126  0.66658722659436576
  0.67702229427234406  0.68761512433937200  0.69832811766371472  0.70889108909761211
  0.71907245359151484  0.72915707049183487  0.73945700067036113  0.74995633634317493
  0.76055678376813196  0.77109726020864455  0.78180369410182982  0.79236095097250325
  0.80273877467574761  0.81308851057384912  0.82335241396775694  0.83357062708819174
  0.84366419050336605  0.85381219593078539  0.86404037318802462  0.87425924606332639
  0.88464130356261772  0.89497453068197363  0.90536528822578555  0.91549479789248744
  0.92593213238986105  0.93657908804000434  0.94712731836383424  0.95760035258162268
  0.96809963761216300  0.97868253120361859  0.98930847290560542  1.00000000000000000
 -0.00411227195709696  0.03015421410950906  0.04988443716388895  0.06452100856566589
  0.07715322622742750  0.08884578250017490  0.09998731008107865  0.11066889603810492
  0.12110364096761346  0.13136897324181437  0.14134816392276300  0.15098310284353841
  0.16044547013187507  0.16983863378265102  0.17909892212591846  0.18808585142506423
  0.19700426645808500  0.20604836716424274  0.21495316985314217  0.22390438061658754
  0.23273505062949429  0.24146135855613232  0.25018968715093953  0.25866099843840396
  0.26705705237708049  0.27538380505241145  0.28372916924873109  0.29215451144893750
  0.30059584614932527  0.30887974734438001  0.31694871179844042  0.32495926595595970
  0.33303995378874562  0.34125700078399890  0.34951277824360877  0.35759554500954438
  0.36553474131239994  0.37349373569037164  0.38149230276897422  0.38943075605375188
  0.39725970004821881  0.40500827608974965  0.41273498225805660  0.42054179566751071
  0.42839902588550482  0.43628092082578451  0.44437543781324568  0.45263679766245873
  0.46094572990346200  0.46925116336793798  0.47743092740416132  0.48553840970801709
  0.49364812113470025  0.50180723151834050  0.51004802711356112  0.51827943836078327
  0.52651174841585047  0.53479514909187731  0.54317697772464824  0.55171670883214197
  0.56023468061192616  0.56876461269427192  0.57736478147565573  0.58612745134458788
  0.59508915224780168  0.60409696384823186  0.61289696633234925  0.62154552755912873
  0.63035440934521469  0.63921436033063894  0.64808570596172210  0.65683499096263676
  0.66569619387737555  0.67487787600107418  0.68437043175808754  0.69399944942494451
  0.70373149655099443  0.71353202398742710  0.72347436272637666  0.73367915156598740
  0.74409572783072719  0.75462473506235617  0.76535091965496482  0.77640841479216949
  0.78798967843459355  0.80003952136496292  0.81248307495483729  0.82543834684399497
  0.83900264856150830  0.85340405037750167  0.86870058015066143  0.88505874561645581
  0.90300569528951713  0.92425715583227974  0.95393190813248574  1.00000000000000000
 -0.01536450193306658  0.09980956033432796  0.13194886251825244  0.15352124751208304
  0.17099347807630272  0.18620995022203726  0.19999549972875116  0.21266861994912772
  0.22452956789101952  0.23559472731881018  0.24596659779444574  0.25585716444334972
  0.26543105639328518  0.27453396930002144  0.28323674163582579  0.29161806023979903
  0.29971982273442677  0.30763959190508666  0.31527160046066560  0.32264253351165773
  0.32977302568353767  0.33677803661680694  0.34367222025464517  0.35050264657759522
  0.35718512706344097  0.36373199286255331  0.37013890199220006  0.37658842536428572
  0.38298824868743242  0.38941118014006598  0.39572298655768051  0.40197830414085239
  0.40821929697047765  0.41446451459193934  0.42058950911994220  0.42659815238474980
  0.43260706394484288  0.43856810713650363  0.44444238657537899  0.45024778429373669
  0.45607361178337774  0.46197695892977186  0.46796774950733999  0.47393977742490923
  0.47985297883486977  0.48568415457410230  0.49152562358886021  0.49740632716304883
  0.50309089176831545  0.50862013132610995  0.51414382889305321  0.51972106138578311
  0.52516507960160708  0.53063576841539528  0.53620403423991025  0.54177754647471232
  0.54740288266919346  0.55305727496117063  0.55879676678564716  0.56467039595508128
  0.57061076609251682  0.57657068278613877  0.58256945422190198  0.58869492253992983
  0.59491016322977619  0.60113893156940246  0.60739560535922654  0.61371492482201329
  0.62011655386427478  0.62679459055103581  0.63385275206382474  0.64096593370216248
  0.64806155160507284  0.65509620598283969  0.66213789662862843  0.66935631447124033
  0.67680463849316153  0.68444757638629672  0.69223190004750446  0.70016702357304927
  0.70816399141844810  0.71631469821639537  0.72476036927207421  0.73362570724684850
  0.74302521255917997  0.75264667102644078  0.76280271151218626  0.77365903347695864
  0.78536575282753951  0.79796937564804094  0.81162984032345709  0.82688383424355527
  0.84463149591098063  0.86622718333968540  0.89945860872195349  1.00000000000000000
   1.6761720507593272       -1.0000000000000000     
 T F F F F T T F F T T F F F F T F F F F F F F F F F F F F F F F
  <DiscreteSampler_grid>
  grouped_processes
  1 # 1 for a reference and 2 for a running grid.
  10 # Attribute 'min_bin_probing_points' of the grid.
  1 # Attribute 'grid_mode' of the grid. 1=='default',2=='initialization'
  0.0000000000000000 # Attribute 'small_contrib_threshold' of the grid.
  0.5000000000000000 # Attribute 'damping_power' of the grid.
 # binID   n_entries weight   weight_sqr   abs_weight
    10   10   2.299386920219633E+008   1.084226777281754E+017   2.299386920219633E+008
  </DiscreteSampler_grid>
