 -0.01223968312449102  0.05042057985113099  0.08718988454512350  0.11061840321467618
  0.12980408351841360  0.14626414203481419  0.16144607250735943  0.17538552191462078
  0.18849123062798170  0.20100810614612596  0.21295186696119919  0.22447982812809736
  0.23558759020204612  0.24628454336843442  0.25671574336175285  0.26691217119845662
  0.27685601658531311  0.28658768517950389  0.29605681955581276  0.30519466443523857
  0.31398862680272138  0.32248118841379708  0.33076136791997535  0.33890860503431419
  0.34680255312285196  0.35466291875736017  0.36241235604488037  0.36998279435728698
  0.37738173949301362  0.38490321166138769  0.39215639785989043  0.39929255224053034
  0.40633161976145249  0.41356360132106340  0.42094446177052708  0.42824403698117308
  0.43541138671076229  0.44254469102690264  0.44969832222494566  0.45684758816613791
  0.46418814437515904  0.47160276323151329  0.47896538646835007  0.48622763522496143
  0.49344412698308748  0.50077373319324314  0.50824891349007784  0.51576660426541177
  0.52335537391107179  0.53106922471876872  0.53886201333945805  0.54659198493913808
  0.55435479159226464  0.56202476431407578  0.56974077986600580  0.57750130955241341
  0.58524806681768304  0.59308038883776948  0.60095597549140978  0.60893330939519907
  0.61713994526250116  0.62557607300971130  0.63413240936494042  0.64275349798955372
  0.65144454742440427  0.66018144771438192  0.66901469853110107  0.67793737728113768
  0.68666615881025639  0.69688513253743256  0.70341681440775861  0.70875150363712425
  0.71558362607259418  0.72274929300751323  0.72965018763849643  0.73641853144248026
  0.74336471439196194  0.75080382082111341  0.75849832503354664  0.76614267402211156
  0.77405824183174698  0.78240272278924317  0.79103272953184922  0.79956043922947961
  0.80844872730089146  0.81787027046978777  0.82742297484759908  0.83725949191185944
  0.84816001462910928  0.86006132625056209  0.87308543165403241  0.88743104748809298
  0.90322900388956417  0.92177950050791946  0.94648184491599097  1.00000000000000000
 -0.00205388997511311  0.00840435726402497  0.01789631485967683  0.02852508253479740
  0.03869428894290355  0.04797605835157171  0.05790744292409220  0.06820146948111208
  0.07856515555455980  0.08867047745621956  0.09934083624916347  0.11081117981451623
  0.12304625197884689  0.13515749341223537  0.14636315676966780  0.15733430049478250
  0.16887271032661130  0.18097308932332487  0.19199332963660318  0.20205541611642031
  0.21171013251693704  0.22203057682968289  0.23273663439940029  0.24326049431203262
  0.25364585967946629  0.26397973782939310  0.27406144466147891  0.28466314759384320
  0.29585473097967691  0.30690312426327321  0.31741348439359846  0.32764083197344240
  0.33809119791202485  0.34967270047842824  0.36215061162942985  0.37526160135730080
  0.38840634954907949  0.40037519663305610  0.41045943975967486  0.41986045130715388
  0.42872263529729915  0.43952501526713439  0.45018920334789136  0.46032675134336043
  0.47035047543188840  0.48057138941376021  0.49086137633580434  0.50107509631208969
  0.51128663335338997  0.52153498812970511  0.53198578564463550  0.54226311033075902
  0.55204633366098488  0.56185284958885262  0.57247291671807488  0.58359331849763119
  0.59454336494457860  0.60582981084520593  0.61793840797179889  0.63047328630444910
  0.64265842980187537  0.65398269073729554  0.66429742844685258  0.67414879716556586
  0.68388670930908468  0.69392445196394525  0.70463909243628586  0.71490397907774705
  0.72411456449729139  0.73288872694655571  0.74219037918074005  0.75230807488665763
  0.76239989302234845  0.77207281964955843  0.78193342195769977  0.79240864611703332
  0.80337800312854346  0.81444849595172730  0.82508335586957948  0.83522758027008415
  0.84525864109535365  0.85532721309639159  0.86508518631757247  0.87481477565581123
  0.88462119313814469  0.89564002373086371  0.90654466868104278  0.91664116455104472
  0.92705425001736597  0.93793790961541379  0.94847049321594668  0.95856565457812937
  0.96879815589052864  0.97955978055876791  0.98962656365355106  1.00000000000000000
 -0.00092546644954310  0.00675135542378712  0.01298829136725539  0.02087459855626647
  0.02894966489565437  0.03719447699276184  0.04549886317552707  0.05357640113569736
  0.06142748785306457  0.06933391556215726  0.07732489984731147  0.08533141558449998
  0.09332903265587693  0.10148808755005412  0.10970644220340460  0.11815096463153221
  0.12674771689772307  0.13533239518413240  0.14390376012986497  0.15260567837868130
  0.16127178018118965  0.16994245703817523  0.17875095807961455  0.18821959592456905
  0.19589795673344687  0.20115296550795131  0.20732624198346863  0.21394487811298132
  0.22134748519223549  0.22868297137615889  0.23583305088433462  0.24310284935558585
  0.25041625885933921  0.25777162878418147  0.26508434249295182  0.27255942053782461
  0.28020937221074371  0.28801780404675720  0.29575919449267268  0.30335279018463290
  0.31069129267028872  0.31803581581029616  0.32540374310800935  0.33265432088865715
  0.34000237769347291  0.34754247693155971  0.35510805625760156  0.36280419733852731
  0.37072953538156106  0.37869200146370707  0.38674605726511774  0.39477515341605535
  0.40276770668471368  0.41112089445735345  0.41964169216223068  0.42797246496195107
  0.43618958297202981  0.44442670559255987  0.45278446199739403  0.46123033979077138
  0.47006558234398044  0.47946499844345519  0.48932022319569252  0.49940631569109228
  0.50962368066491204  0.51985054808054609  0.53000670609172429  0.54022323510070236
  0.55064811416906601  0.56154585541860125  0.57270016113079436  0.58442141635203748
  0.59737736010675346  0.61121977973469221  0.62488747528927691  0.63788205996211333
  0.65049142529631143  0.66346421588576243  0.67688902120571370  0.69040239930277281
  0.70434930867216228  0.71879203608350917  0.73356627498405780  0.74866518960087025
  0.76450767566540423  0.78069605968184408  0.79726261259354458  0.81404109436910010
  0.83159009982932786  0.85013947973910509  0.87070585196628514  0.89415950245385423
  0.92252609739130664  0.95115807672403307  0.97057466384292057  1.00000000000000000
 -0.03118489811158179  0.12937604268405956  0.16438095133896330  0.19615877962979153
  0.22012932380393302  0.23948855843580089  0.25546435116155791  0.26953010343969158
  0.28326938227792581  0.29752253635385550  0.31114073429119216  0.32253050710846792
  0.33209005694606414  0.34103842678462265  0.35041345944420071  0.36038104261266068
  0.37066036216656462  0.38109005406336827  0.39102845918800583  0.40062648962752384
  0.41043963296139768  0.42016609328184656  0.42965058839702819  0.43911761726989779
  0.44853785285653430  0.45784505927204250  0.46740283156736018  0.47698098233334879
  0.48615125763971445  0.49508517974498356  0.50385661145681016  0.51189924083874605
  0.51912833316456652  0.52639388473868953  0.53370687416519580  0.54120496459207357
  0.54889318335684012  0.55648951761836163  0.56404016073336893  0.57188442111633164
  0.57963702693242691  0.58707021593112607  0.59445823173514412  0.60190946295941949
  0.60958961618401186  0.61752345365214900  0.62490538346459623  0.63160867171502011
  0.63830782763143357  0.64501494199559517  0.65176304924545359  0.65842474059811562
  0.66499749488583171  0.67168377550229341  0.67851626008779797  0.68551412026158021
  0.69246769007795705  0.69942583922032031  0.70633690067502841  0.71301575375763915
  0.71954476792826483  0.72606618564880476  0.73213502112240825  0.73739872813581719
  0.74248992397327229  0.74765389227221091  0.75265858600544588  0.75796317549357728
  0.76372010183310712  0.76958820208039547  0.77531555491130577  0.78086666465334287
  0.78626274121398876  0.79156219020743834  0.79680171544263600  0.80183190708879515
  0.80696789618092968  0.81217106057223420  0.81733769605510276  0.82272519360836238
  0.82814628574810267  0.83349750197109429  0.83894683581628482  0.84444224541251944
  0.84998790694935822  0.85577127744494308  0.86169814722727822  0.86779345638935268
  0.87422999136685420  0.88117229838782307  0.88879777429807139  0.89733186224597838
  0.90734332769482950  0.92064007927409919  0.94573588216934112  1.00000000000000000
   6.5870584698140100E-034  -1.0000000000000000     
 F T T F F F F F F F F F F T T F F T T F F F F F F F F F F T T F
  <DiscreteSampler_grid>
  grouped_processes
  1 # 1 for a reference and 2 for a running grid.
  10 # Attribute 'min_bin_probing_points' of the grid.
  1 # Attribute 'grid_mode' of the grid. 1=='default',2=='initialization'
  0.0000000000000000 # Attribute 'small_contrib_threshold' of the grid.
  0.5000000000000000 # Attribute 'damping_power' of the grid.
 # binID   n_entries weight   weight_sqr   abs_weight
    10   10   1.438044779766852E+008   2.526605077302943E+016   1.438044779766852E+008
    11   10   1.438044779766852E+008   2.526605077302943E+016   1.438044779766852E+008
  </DiscreteSampler_grid>
