  0.00000235960990700  0.00000240034843178  0.00000245849489223  0.00000250665218713
  0.00000255531716669  0.00000261460450643  0.00000267380009191  0.00000273470614528
  0.00000279955638970  0.00000286809584415  0.00000293831903941  0.00000301008513627
  0.00000308334883810  0.00000315663879252  0.00000323901057993  0.00000332637049709
  0.00000341536823196  0.00000350672178472  0.00000360009031308  0.00000369507279812
  0.00000380477747033  0.00000392058151499  0.00000403934125998  0.00000415991095000
  0.00000428626618304  0.00000442423376254  0.00000457012933771  0.00000472207745814
  0.00000487632481732  0.00000504042311487  0.00000522181315208  0.00000541443984813
  0.00000561328381151  0.00000582116482206  0.00000604369323764  0.00000628624397059
  0.00000653081450655  0.00000679096266852  0.00000707378708246  0.00000737076452654
  0.00000767599413716  0.00000799849290296  0.00000834594677483  0.00000870898693337
  0.00000909244341362  0.00000951096111107  0.00000995515777974  0.00001042060815960
  0.00001092222467697  0.00001147203246553  0.00001203631764073  0.00001262907659435
  0.00001331013886279  0.00001399364183712  0.00001474797372249  0.00001556443802775
  0.00001642739224468  0.00001737931525340  0.00001842247107336  0.00001950060458900
  0.00002072475385834  0.00002201742301405  0.00002340827925573  0.00002495624987491
  0.00002655409945974  0.00002851102037391  0.00003050127831593  0.00003289684130760
  0.00003530085329735  0.00003798497394053  0.00004084399519911  0.00004395933335810
  0.00004727887279596  0.00005098015938499  0.00005522664822215  0.00006004331842576
  0.00006534079926922  0.00007121724882432  0.00007796961790383  0.00008573881710820
  0.00009499331335878  0.00010531071928042  0.00011722256279843  0.00013131568519391
  0.00014908737118130  0.00016999999959455  0.00019535321192608  0.00022911142068721
  0.00026866538788588  0.00031840859246849  0.00038642562539391  0.00047647883672866
  0.00060434916031235  0.00076592847422789  0.00121833486417737  1.00000000000000000
 -0.00255478329142957  0.00974962394303729  0.02004590453159110  0.03021150755985672
  0.04046808189194676  0.05083871375112377  0.06136689991421659  0.07180463434738074
  0.08207717053421790  0.09239408144979441  0.10281209207755952  0.11348487219986499
  0.12406287808081048  0.13466952304507177  0.14518746184935521  0.15554663103994443
  0.16595579445316361  0.17633432851123751  0.18680643919725051  0.19733916448130706
  0.20761867113524010  0.21806238802082917  0.22833510813278005  0.23883159419768282
  0.24942272761514261  0.25995273894483062  0.27042173331445662  0.28090031076093885
  0.29132290350466311  0.30163395330111820  0.31187905425328261  0.32242483455075494
  0.33295069230868196  0.34346641917181275  0.35394338655369284  0.36463110438539925
  0.37532391795493231  0.38599387146760100  0.39675813141466165  0.40759249843784845
  0.41853094906997218  0.42942807540584543  0.44028441238193433  0.45078346334344616
  0.46130489742624020  0.47191198953926972  0.48255842999216941  0.49322387300723336
  0.50383927974917353  0.51477244993354310  0.52580811663965221  0.53670919808020734
  0.54736164211857696  0.55778806485759735  0.56832575616701209  0.57894133852893137
  0.58943499333671179  0.59984244853990376  0.61017725886527741  0.62060812509665397
  0.63102925824494327  0.64160073139813467  0.65232416157020889  0.66308524032107008
  0.67383214049748086  0.68462191246277526  0.69551400863478741  0.70649607369588074
  0.71732226860104686  0.72817954720655198  0.73880144873330156  0.74936655942235597
  0.75983198554734510  0.77037003840751550  0.78093284781120853  0.79146380171293040
  0.80215661518522408  0.81265421561901219  0.82306660771327711  0.83346090483227819
  0.84394451115762548  0.85437205509545877  0.86455752076394765  0.87475473345227117
  0.88504503991705030  0.89530143339735002  0.90574087423504868  0.91627414392140483
  0.92697254017395869  0.93756300796110759  0.94805141917994151  0.95845022039346672
  0.96882328493968550  0.97923330099671502  0.98962899100306867  1.00000000000000000
  0.00134781872090997  0.01600629442132832  0.02904977725385039  0.04271790381084672
  0.05608685468472341  0.06927184065454639  0.08238445158627521  0.09563312197429132
  0.10899658154268230  0.12229875836653578  0.13550515813386818  0.14852313321487859
  0.16125868329083615  0.17368829933134178  0.18585475567540574  0.19772951998377555
  0.20969005104743021  0.22192817576494492  0.23406595191866947  0.24615187318266663
  0.25817466683871415  0.27004692439425759  0.28149278892859142  0.29282978899734674
  0.30431350937789137  0.31566037951117193  0.32683455610072348  0.33793883441785816
  0.34921102683715027  0.36031784332476202  0.37130987100645069  0.38232911207217224
  0.39346403224030163  0.40431688750159095  0.41503638262907377  0.42571743132200263
  0.43635243590640277  0.44697378942731975  0.45760666286461799  0.46803913162024641
  0.47830307098683755  0.48827397837812786  0.49817128133314914  0.50803255888285381
  0.51795746467218584  0.52801645956274579  0.53812094788051812  0.54808094535415397
  0.55802365276550903  0.56786611558656763  0.57770823947472261  0.58732747978751731
  0.59674520011870458  0.60609013384609733  0.61548512870170091  0.62501034878993644
  0.63448171312230939  0.64387330582847790  0.65312741598947366  0.66233650269345701
  0.67158186575060430  0.68081211470367331  0.68986328108282702  0.69878246105913777
  0.70780194431263921  0.71697705831249681  0.72618479602779451  0.73522494972051966
  0.74421865600332904  0.75322435944200716  0.76218040333076276  0.77119714817945406
  0.78027363593492627  0.78926356235961026  0.79824398786811301  0.80724927397796953
  0.81631540550633630  0.82541686436419626  0.83445166610849031  0.84338754670713334
  0.85220384522400294  0.86094314262197480  0.86968283068075269  0.87846301120588166
  0.88725440330144967  0.89606430412493332  0.90492622229811681  0.91367310518500156
  0.92266021864006331  0.93185147666540813  0.94149102126674700  0.95142698980341001
  0.96167502116494263  0.97271643155886811  0.98554436145563329  1.00000000000000000
 -0.01714221586630857  0.10383121560441844  0.14327625033872582  0.16950010735175039
  0.19130198271199811  0.21041305247868594  0.22748059627115472  0.24306477972195981
  0.25743913623069359  0.27096587626738039  0.28356181620639792  0.29574493564766940
  0.30753217174899200  0.31892633505091639  0.32988604706422803  0.34059982415592577
  0.35112937783568199  0.36146078588539360  0.37157502601558901  0.38150418505414269
  0.39127518537527650  0.40091823130745075  0.41043722039755798  0.41977483646574731
  0.42892090776333563  0.43794126202422906  0.44691209731458431  0.45580470706929666
  0.46461136875102155  0.47330019645345989  0.48188531771323145  0.49038478140140651
  0.49883486833944679  0.50718781294816340  0.51540201396795604  0.52348834765396435
  0.53149169520880191  0.53948381066222828  0.54741978579020001  0.55528894278695551
  0.56308538820073450  0.57084639691175632  0.57859036704193678  0.58632655027757263
  0.59401334522928761  0.60162771961504002  0.60918817257386593  0.61663163766225759
  0.62409219257497228  0.63143152592105967  0.63880226923281491  0.64602101429044678
  0.65304535574677602  0.65999365793782283  0.66684986791315748  0.67367717045089626
  0.68051071511183170  0.68733810505370152  0.69403806413647751  0.70066102292572030
  0.70724383384351353  0.71380165809856222  0.72033331417379898  0.72674741256520292
  0.73301306433144175  0.73920765006011213  0.74537780730620051  0.75151491235305501
  0.75762316896067894  0.76363661935051363  0.76962470228003910  0.77546216846974347
  0.78124611653236142  0.78702636904709744  0.79281810547401044  0.79862992382413489
  0.80445550118469977  0.81028484314685656  0.81612695509578970  0.82200036422825962
  0.82794557148825287  0.83396376383498871  0.84008247954818205  0.84626564908470336
  0.85253675775879123  0.85903825981386361  0.86564539303973487  0.87239699916946900
  0.87958053471639253  0.88722201803087630  0.89548368834966086  0.90467822897498018
  0.91540873837367776  0.92922808642861943  0.95052833300166839  1.00000000000000000
   1.1731168568291035       -1.0000000000000000     
 F T T F F F F F F F F F F T T F F T T F F F F F F F F F F T T F
  <DiscreteSampler_grid>
  grouped_processes
  1 # 1 for a reference and 2 for a running grid.
  10 # Attribute 'min_bin_probing_points' of the grid.
  1 # Attribute 'grid_mode' of the grid. 1=='default',2=='initialization'
  0.0000000000000000 # Attribute 'small_contrib_threshold' of the grid.
  0.5000000000000000 # Attribute 'damping_power' of the grid.
 # binID   n_entries weight   weight_sqr   abs_weight
    10   10   2.155401074058354E+009   1.852791527457218E+019   2.155401074058354E+009
    11   10   2.155401074058354E+009   1.852791527457218E+019   2.155401074058354E+009
  </DiscreteSampler_grid>
